167.277531136284
164.419734233525
176.4009572233
190.92137513152
181.05401573332
185.147145413655
167.01831333568
166.455340685689
183.480616850268
176.104511481047
160.789213025683
166.502735749841
175.434403070777
152.671791809268
164.99096413627
162.699403181935
168.446046411707
156.181124191587
183.31258024066
167.582007121538
163.244575296289
157.491913033746
158.120491271075
184.864259571056
154.682002852561
167.966455610196
167.429338046829
171.028217414894
163.548359230997
190.671571730397
170.609235059209
189.319658614299
182.378296623855
171.305671446958
155.509092006255
184.95160836854
178.778913386406
167.431266803527
188.179544283688
176.347469991785
161.502942346665
159.70784005328
159.739462330094
188.145859445218
175.190429783624
155.345261678826
189.006847492033
180.974906400646
184.003900936152
170.426398834155
175.058526195831
173.784748409413
170.782465442002
170.062475536323
174.482027163145
164.838678201174
167.002442482208
164.678595980997
155.341678889925
167.250981969186
154.829853014741
175.386048329876
182.41469725991
183.206597326403
178.422039163012
205.334351373932
166.744766398409
171.221910779465
168.833183929023
170.637835422672
185.133344587617
180.275167749881
150.745157119151
168.531095252922
166.539336520055
180.062293697525
172.464709014148
193.376791890404
164.238590083131
164.030394752381
171.785587748645
147.308148370182
185.19393079253
204.776367695647
183.093532212685
169.008415464127
164.30847558281
177.284450170089
195.85724056329
141.783769684762
159.987639720713
173.91628156095
150.083488103963
195.452358369749
160.789365828499
179.919631615719
173.808903669464
146.936705810238
162.937978270519
179.339199679204
